worker,created,owned,stolen,inlined,comm_tasks,total_comm_cost,avg_comm_cost,lowest_comm_cost,highest_comm_cost,comm_tasks_stolen_by_diameter
0,204,20,0,0,20,803733504,40186675,19136512,57409536,[0-0-0-]
1,0,9,0,0,9,459276288,51030698,38273024,57409536,[0-0-0-]
2,0,8,0,0,8,421003264,52625408,38273024,57409536,[0-0-0-]
3,0,0,10,0,10,497549312,49754931,38273024,57409536,[0-0-0-]
4,0,0,6,0,6,306184192,51030698,38273024,57409536,[0-0-0-]
5,0,0,7,0,7,382730240,54675748,38273024,57409536,[0-0-0-]
6,0,0,5,0,5,287047680,57409536,57409536,57409536,[0-0-0-]
7,0,0,7,0,7,363593728,51941961,38273024,57409536,[0-0-0-]
8,0,0,8,0,8,401866752,50233344,38273024,57409536,[0-0-0-]
9,0,0,8,0,8,421003264,52625408,38273024,57409536,[0-0-0-]
10,0,0,7,0,7,363593728,51941961,38273024,57409536,[0-0-0-]
11,0,0,7,0,7,363593728,51941961,38273024,57409536,[0-0-0-]
12,0,0,9,0,9,421003264,46778140,19136512,57409536,[0-0-0-]
13,0,0,7,0,7,382730240,54675748,38273024,57409536,[0-0-0-]
14,0,0,12,0,12,612368384,51030698,38273024,57409536,[0-0-0-]
15,0,0,8,0,8,440139776,55017472,38273024,57409536,[0-0-0-]
16,0,0,7,0,7,363593728,51941961,38273024,57409536,[0-0-0-]
17,0,0,9,0,9,497549312,55283256,38273024,57409536,[0-0-0-]
18,0,0,9,0,9,459276288,51030698,38273024,57409536,[0-0-0-]
19,0,0,9,0,9,459276288,51030698,38273024,57409536,[0-0-0-]
20,0,0,7,0,7,344457216,49208173,38273024,57409536,[0-0-0-]
21,0,0,10,0,10,535822336,53582233,38273024,57409536,[0-0-0-]
22,0,0,7,0,7,325320704,46474386,19136512,57409536,[0-0-0-]
23,0,0,8,0,8,421003264,52625408,38273024,57409536,[0-0-0-]
